  -0.809838    0.574525
  -0.348856    0.224274
  -0.768588    0.576696
  -0.577926    0.470491
   -0.98556    0.918943
   -1.77298    0.421633
 -0.0661042    0.737913
    1.10046     1.70741
    -4.6174    -2.31792
     -1.763   -0.370966
   -1.88905    0.281329
  -0.519983    0.644302
    1.98094     2.51038
   -1.40623   0.0758669
   -2.49742    -1.42527
    1.05672     1.89567
   0.307981     1.92752
    1.14236     1.88435
   0.426063     1.56077
  -0.379537     1.09853
   -1.18114    0.625195
    1.51104     1.57978
  -0.335836    0.720533
 -0.0550632    0.926506
  -0.788838     0.60556
    1.17299     2.24156
   0.524139     2.00555
   0.656608    0.848991
  -0.807201     0.06938
   -3.42368    -1.60502
   -3.45934   -0.761768
   -3.24319    -1.62159
   -2.02886    0.364337
   -1.15945    0.682443
  -0.538294     1.20004
   -1.10809   0.0234005
  -0.449809   0.0722029
  -0.356712     1.03823
    3.12226     3.45174
   -5.52986    -2.52086
   -3.96137   -0.822286
  -0.561286     1.21176
  -0.427758    0.894474
    1.00529     1.46508
   0.309066     1.24844
  -0.821793    0.484197
    -1.8051   0.0946376
   0.247088      1.1148
  -0.711391    0.436824
    -4.4674    -1.36726
   -1.53703  0.00716748
   0.918403     1.58824
   0.870942     1.79887
   -1.29421    0.261587
  -0.601859     0.15013
   -1.44703    0.495725
   -1.38393    0.372113
   -1.08342   -0.245139
    -1.0762   -0.148241
  -0.817438    0.775819
    -1.5485    0.719353
   -1.91162  -0.0996063
   -2.27262    -1.02998
   -1.83057   -0.221917
   -4.35569    -1.86656
   -2.38685  -0.0657641
   0.660947     1.82656
   -2.33481    -1.02153
   0.500048     1.33207
   -2.53672   0.0307877
   -3.64245    -1.47685
   -1.03475    0.819584
   -1.60865    0.188809
   0.387834      1.3485
 -0.0387079     1.07556
   -2.59135   -0.545215
   -1.05584    0.395011
   -1.17882     0.96344
   -1.52054    0.152629
   -1.21164    0.734935
   -1.61147   -0.148637
   -1.18071    0.925371
  -0.649062    0.469231
   0.626973      2.3262
   -2.20068    0.184517
   0.649858     2.03225
   -1.12594     0.38125
   -1.80383  -0.0790606
   -1.71212    0.183119
   -1.70973    0.378307
   -2.32065    0.295141
   -1.47742    0.265875
   -2.11353   0.0743341
   -1.54776   0.0257232
   -2.81692    -1.10905
   -2.92565   -0.624561
   -1.56068    -0.37119
   -2.69114   -0.789056
   0.349509    0.886681
  -0.383779    0.706703
  -0.928572    0.435397
   -2.03266    0.225952
   -1.55633   -0.155881
   -1.62342    0.290053
   -1.15975    0.389918
   -1.33132  -0.0449273
   0.891791     1.46466
  -0.966308    0.233664
    1.48172     1.94035
   -1.83693   -0.650855
  -0.727156    0.647746
    2.33393     2.57463
    3.00796     2.38859
    -2.0897   -0.708194
    2.62962     3.02956
  0.0796573     0.92439
   -2.66454    -1.09433
  -0.932651    0.787072
   -2.74465     -0.3241
   -2.30377   -0.159857
 -0.0311711     1.12129
  -0.463993    0.502783
   -4.65571    -2.45638
  -0.946424  -0.0973879
   0.150953     1.87018
   -1.57831   -0.377587
-0.00747513      1.0161
  -0.686772     1.01558
  -0.911057   0.0434001
   -1.66108    0.461927
   -1.81937    0.278141
   -1.04036  -0.0309963
  -0.508021    0.726766
  -0.303858    0.494982
   -1.37944    0.603805
  -0.916124    0.727508
   -2.41948   -0.375903
    1.36754     2.93099
   -2.02652   -0.349059
   -2.23823  -0.0408794
   -1.63534    0.240277
  0.0215769     1.06765
   0.654868     1.97242
     2.0246     2.31904
    -1.3389     1.56389
    -2.7009   -0.983673
   -1.90505   -0.326809
    1.19053     2.26588
  -0.474616     1.12511
    -1.1856   -0.241382
   -1.86692  -0.0111852
  -0.789271    0.642273
   0.325759     1.44422
   -1.96683   0.0768639
   -1.33274    0.566971
   -1.63179    0.411817
   0.660676     1.15075
   -1.80907  -0.0157351
   -1.06775     1.06112
   -4.88404     -2.3582
   0.914052     1.62124
   -1.88949  -0.0372487
  -0.317255     1.83427
   -2.45081   -0.965422
    1.51962     2.28838
   -2.09476   -0.710987
   0.163749     1.73666
   -1.76427   0.0626921
    1.63285     2.16757
   -3.41005    -1.08828
   -2.55273   -0.590827
   0.301282     1.03043
    -2.0713     -1.2179
  -0.794712    0.421742
    0.30056     1.38935
   0.397473     1.20546
   -1.39643   -0.356412
   -3.22056    -1.00975
   -2.80379    -0.40734
   -1.18025    0.372515
  -0.350659    0.927913
   -2.41795   -0.745149
  0.0479283    0.986649
   -4.62157    -2.14582
  -0.704983    0.132278
   -2.35768  -0.0533087
    1.25811     2.16218
   0.502317     1.30757
  -0.679183      1.0851
    1.50753     2.63394
   -2.04133   -0.344774
     1.9109     2.67242
   -1.52845    0.205228
   -1.44399   -0.344032
   -2.83356    -1.18559
   -1.54141    0.493349
 -0.0668132     1.32712
   -2.00721   0.0387844
   -2.59397    -0.81221
  -0.261955     1.15883
   -3.81459    -1.64702
  -0.724442     1.16067
   -1.37908    0.101483
   -4.67562    -2.13454
   -1.98668     0.31008
  -0.618017     0.87196
    -1.6906  -0.0325848
  -0.869357    0.443177
-0.00106593     1.74807
  -0.458199    0.927466
  -0.505152    0.765811
   -1.50162   -0.126917
   -1.48971    0.349556
   -0.65101     1.26218
  -0.991835    0.773711
   -2.30403   -0.228596
   -0.90094    0.664436
    1.11248     1.94782
   0.441653     1.45856
  0.0365577     1.31926
   -2.27818   -0.306626
   0.751921     1.28542
   -2.53196    -1.54192
   0.705063     1.76278
  -0.450165    0.498893
   -1.62887   0.0438599
  -0.913039    0.232792
 0.00551667     1.52246
   -1.85526   -0.395274
   -3.61893    -2.16521
   -2.38627   -0.252518
   -2.34504   -0.625298
   -1.82597   -0.231465
    -1.6743   -0.288698
   -1.12181     0.24423
   -1.41087    0.779541
   -1.37295   0.0590711
 -0.0958041     0.83162
  -0.467691      1.3774
    2.68782     3.01186
   -2.83005   -0.653476
   0.202668      1.0551
   0.685977     2.48332
   -1.67258 -0.00492119
   -3.40023   -0.511274
  -0.594596    0.401879
   -2.27875    -1.50387
  -0.799076    0.655384
    1.47671     1.92006
   -2.51453   -0.257612
   -1.01674    0.523696
   -2.14475    0.182307
  0.0754161     1.43883
   0.515411     1.42547
   -2.70701     -1.2842
    1.19926     1.74106
  -0.735249    0.490391
   -1.62909   -0.366754
   -1.46112    -0.23857
   -1.50967    0.117597
   -2.29117   -0.435196
   -1.09696    0.761358
   0.195342     1.68097
    0.17624     1.79853
   -1.16385     0.13471
   -1.82201    0.314507
   -1.31659    0.648233
  -0.726313    0.504493
   -1.33751   0.0398545
   0.703388      1.4705
   -1.18169    0.271672
   -1.07739      1.1561
   -1.27764    0.631419
   -1.25383   0.0839423
   -1.55141    0.508878
   -1.33814   -0.156452
   -4.30681    -1.49262
   -1.43444    0.156447
   -1.39446    0.348484
   -2.08724   -0.974185
   -2.64852   -0.952928
   -3.61766   -0.925107
   0.510005      1.2684
   -2.65077   -0.829743
   0.295579     1.93204
 -0.0452239      1.2335
 -0.0710386     1.75741
  -0.771534    0.457544
   -1.45594   -0.532465
  -0.895363    0.819625
   -2.57428   -0.582524
  -0.433934    0.968484
  -0.637818     1.04394
   0.804651     1.26783
   -2.76966   -0.384097
   -2.34765    0.312841
    -1.8338     0.33614
   0.347475       1.934
  -0.711851    0.649997
    -3.2783   -0.516995
   -1.03836     1.06323
   -1.34516    0.618923
   -2.32946   -0.731882
  -0.117438    0.844139
   0.887058     2.00346
   -4.42224     -1.8669
    -1.1405    0.437266
  -0.970391   -0.124058
   -2.26478  -0.0885568
   -1.75285    0.715003
  -0.102232     1.22306
   -1.62698    0.269358
   0.672419     1.54948
  -0.611014    0.518424
  -0.584756    0.555105
 -0.0523054    0.888478
   -1.24222   0.0388588
  -0.413044    0.911556
 0.00410713    0.528623
   -1.49803    0.575711
    -1.6296     -0.4228
  -0.335723    0.793637
   -2.44916   -0.869229
  -0.015237     1.25767
   -2.04624   -0.588021
   -1.35274   0.0233138
  -0.807492    0.419703
   -3.90794     -1.2734
  -0.577772    0.420459
   0.805839     2.03431
  0.0744938      1.6965
    1.42902     2.29221
    -1.0873     1.02942
  -0.391692    0.953308
   -1.95873   -0.241264
   -1.17004    0.961604
   -3.43001    -1.35832
   -4.22543    -1.61368
  -0.656291    0.372182
   -1.03338      0.3397
    -1.4314  -0.0862853
   -4.78205    -1.31651
   0.673506     1.79293
    0.21651     1.36997
  -0.777889    0.716881
 -0.0267022     1.50676
   -0.18584     1.66734
  0.0949481     1.30045
   -2.20015   -0.241478
    1.02322     2.17869
   -2.42491   -0.933622
    1.67824      2.7325
  -0.199763     1.51335
   0.168434     1.31041
   -3.27557   -0.261224
    0.98386     2.61905
   -1.68042    0.592479
  -0.986853    0.242399
  -0.838897    0.112208
    1.76302     2.55009
   -3.88694    -1.62148
   -2.37779   -0.581817
   -2.26169   0.0939803
   -1.71637    0.077827
    -1.3163  -0.0415927
    -1.0789     1.25962
   -3.06151   -0.996422
    -2.2824   -0.466184
    -2.4208   -0.491323
    -2.9357    -1.19441
   -2.66449    -0.97485
    -2.0687   -0.206825
  -0.601234      0.9541
  -0.253206     1.06228
   -1.23506    0.441346
    -1.1806    0.725384
   -3.76965    -1.09187
  -0.900352    0.370352
   0.693678     1.40784
   0.168528     1.41271
    -1.5565    0.455979
   0.776891     2.15909
   -1.35456    0.235125
 -0.0211832     1.25746
  -0.627323    0.867146
    -1.2722    0.453161
   -2.45671    0.202396
   -1.02004    0.578583
  -0.320156     1.04462
   -3.39356   -0.395341
   -0.18277    0.967003
  -0.635367 -0.00499196
  -0.547251    0.631399
   -2.59898   -0.992742
   -2.23979    -1.02579
   -1.13995   -0.265019
   -1.36242    0.818125
    -1.3384    0.199589
    1.59959     3.18261
   -1.83775   0.0138053
   -2.34543   -0.275781
  0.0736052     1.17282
    1.64601     1.93606
   0.754575     1.89661
     1.5437     2.05624
   -1.80857     0.24334
  -0.833052    0.517228
     -2.338   -0.540222
   -1.27702    0.299407
   -3.73018    -1.31305
   -3.17104    -1.63172
  -0.605058    0.192109
   -2.21362   -0.890777
   -3.12824   -0.594819
   -1.53334   -0.440563
 -0.0386499     1.32692
  0.0627107     1.92053
   -1.68355    0.198188
   -1.08006    0.788832
   0.192871     1.41384
   -1.83481    0.577151
   -3.18907   -0.949706
   -1.17726    0.592158
   -1.07147    0.275995
   -0.66527    0.661986
  -0.937777    0.102371
  -0.616471    0.890715
  -0.297837     1.38459
   -1.39087    0.425512
  -0.245044     1.38714
   0.310516     1.68182
   0.703578      1.9779
  -0.553819    0.278293
   0.895868     2.19894
   0.614239     1.81097
 -0.0328808     1.50784
   -1.47034   0.0143138
   0.295495     1.61106
   -1.75557    0.780638
  -0.336213     1.59167
   0.698127    0.652799
    1.76709     2.76458
    1.00129     2.07843
   -2.15415   -0.142518
   -2.12932   -0.736819
  -0.476079     0.38418
   -1.94719    0.303772
  -0.205965    0.937764
    2.67505     2.71379
   -2.04909   -0.415709
   -2.34048   -0.189388
   -2.52792   -0.957006
   -2.02014  0.00427849
   0.577061     1.80318
   -2.24312    -0.34217
   0.073713      1.4002
   0.387491     1.41399
    -3.8158    -1.30347
  -0.660831    0.232741
   -1.95028   -0.687614
   -1.72103   -0.592471
    1.33167     1.93504
   -3.13418    -1.30488
     1.1058     1.90667
   -1.50987    0.097337
  -0.530853    0.852535
   0.544707     2.03062
   -1.83751   -0.313994
   -3.09805    -1.33409
    1.49682      2.2182
   -1.94195 -0.00170993
   -1.84484    0.328341
    -3.4727    -1.54907
   -3.18306   -0.635566
 -0.0655702     1.57149
    1.49254     2.33569
   0.155672     1.81952
   -2.11191   -0.163109
   -0.79633       0.257
    1.36044     2.04138
  -0.332954     0.97812
  -0.828372    0.583919
   0.186994     1.58307
   0.131305     1.20309
    -1.5863   -0.028741
  -0.278123     1.04012
   -1.16132    0.898219
   -2.33162   -0.231539
   -2.07712   0.0604691
    1.48403     2.32852
  -0.456468    0.353496
   -1.19512  -0.0792258
    -3.5453    -1.81184
    2.02076     2.25804
    1.04648     2.03167
   0.329505     1.18112
   -2.41666   0.0244444
   -1.07956    0.352554
   -2.13761   -0.440855
    1.24598     1.88887
